9183
10280
11526
12767
14007
15222
16458
17709
18991
19318
19627
19907
21450
21748
22066
22371
24063
24162
24482
24770
26345
26642
26945
27248
28791
29463
30046
30656
30983
31327
31614
31935
32215
32511
34303
34599
35527
35830
38606
38925
40437
40750
44252
44554
45511
45804
49217
49540
50443
50716
52938
53546
54155
54733
55355
55954
56522
57202
62719
63063
63391
63704
64039
64375
64679
65007
67636
67933
68839
69157
72541
72843
73772
74061
77474
77786
78705
78978
82391
82696
83638
83931
86727
87055
87367
89136
89471
89800
90406
91015
91632
92287
92862
93511
94119
95062
95382
95701
96174
96302
96589
96878
97159
97494
97814
98231
98397
98669
98997
99275
99611
100003
100347
100691
100979
101466
102067
102692
103266
